{
    "MasterVolume": 0.4187503755092621,
    "BGMVolume": 0.26255741715431216,
    "SFXVolume": 0.0703202411532402
}